loss : 0.3620133874278911
accuracy : 0.9523809552192688
f1_m : 0.9413256645202637
precision_m : 0.952667772769928
recall_m : 0.9453746676445007
