loss : 0.5996344130633272
accuracy : 0.9473886489868164
f1_m : 0.9344292879104614
precision_m : 0.9513500332832336
recall_m : 0.936326265335083
