loss : 0.37776473946685357
accuracy : 0.9604454636573792
f1_m : 0.6224003434181213
precision_m : 0.6219142079353333
recall_m : 0.6375949382781982
