loss : 0.18642902486954702
accuracy : 0.9650537371635437
f1_m : 0.6290128827095032
precision_m : 0.6295354962348938
recall_m : 0.6417215466499329
