loss : 2.4593354810171655
accuracy : 0.9589093923568726
f1_m : 0.5295150279998779
precision_m : 0.5321300625801086
recall_m : 0.5373784303665161
