loss : 0.33248822809783374
accuracy : 0.9596773982048035
f1_m : 0.5357398986816406
precision_m : 0.5366103053092957
recall_m : 0.5467230081558228
